00001100
00000000
00000000
00000000
00001101
00000000
00000000
00000000
00010101
00000000
00000000
00000000
00011111
00000000
00000000
00000000
00101100
00000000
00000000
00000000
00110101
00000000
00000000
00000000
00010011
00000000
00000000
00000000
00000010
00000000
00000000
00000000
11110101
11111111
11111111
11111111
00110001
00000000
00000000
00000000
00110100
00000000
00000000
00000000
00001101
00000000
00000000
00000000
00011011
00000000
00000000
00000000
00100100
00000000
00000000
00000000
00101101
00000000
00000000
00000000
00110011
00000000
00000000
00000000
01000111
00000000
00000000
00000000
00111110
00000000
00000000
00000000
01011101
00000000
00000000
00000000
10101100
11111111
11111111
11111111
00000000
00000000
00000000
00000000