11101000
00000011
00000001
00100100
00000000
00000000
00100010
10001100
00000000
00000000
00000011
00100100
00000000
00000000
00000100
00100100
00010011
00000000
00000101
00100100
00001000
00000000
01100101
00010000
00000100
00000000
00100001
00100100
00000001
00000000
01100011
00100100
00000000
00000000
00100110
10001100
00101010
00111000
11000010
00000000
11111010
11111111
11100000
00010000
00000000
00000000
01100100
00100100
00000000
00000000
11000010
00100100
00000101
00000000
00000000
00001000
11010000
00000111
00000010
10101100
11010100
00000111
00000100
10101100
00000000
00000000
00000000
00000000